01011980
02011980
03011980
04011980
05011980
06011980
07011980
08011980
09011980
10011980
11011980
12011980
13011980
14011980
15011980
16011980
17011980
18011980
19011980
20011980
21011980
22011980
23011980
24011980
25011980
26011980
27011980
28011980
29011980
30011980
31011980
01021980
02021980
03021980
04021980
05021980
06021980
07021980
08021980
09021980
10021980
11021980
12021980
13021980
14021980
15021980
16021980
17021980
18021980
19021980
20021980
21021980
22021980
23021980
24021980
25021980
26021980
27021980
28021980
29021980
01031980
02031980
03031980
04031980
05031980
06031980
07031980
08031980
09031980
10031980
11031980
12031980
13031980
14031980
15031980
16031980
17031980
18031980
19031980
20031980
21031980
22031980
23031980
24031980
25031980
26031980
27031980
28031980
29031980
30031980
31031980
01041980
02041980
03041980
04041980
05041980
06041980
07041980
08041980
09041980
10041980
11041980
12041980
13041980
14041980
15041980
16041980
17041980
18041980
19041980
20041980
21041980
22041980
23041980
24041980
25041980
26041980
27041980
28041980
29041980
30041980
01051980
02051980
03051980
04051980
05051980
06051980
07051980
08051980
09051980
10051980
11051980
12051980
13051980
14051980
15051980
16051980
17051980
18051980
19051980
20051980
21051980
22051980
23051980
24051980
25051980
26051980
27051980
28051980
29051980
30051980
31051980
01061980
02061980
03061980
04061980
05061980
06061980
07061980
08061980
09061980
10061980
11061980
12061980
13061980
14061980
15061980
16061980
17061980
18061980
19061980
20061980
21061980
22061980
23061980
24061980
25061980
26061980
27061980
28061980
29061980
30061980
01071980
02071980
03071980
04071980
05071980
06071980
07071980
08071980
09071980
10071980
11071980
12071980
13071980
14071980
15071980
16071980
17071980
18071980
19071980
20071980
21071980
22071980
23071980
24071980
25071980
26071980
27071980
28071980
29071980
30071980
31071980
01081980
02081980
03081980
04081980
05081980
06081980
07081980
08081980
09081980
10081980
11081980
12081980
13081980
14081980
15081980
16081980
17081980
18081980
19081980
20081980
21081980
22081980
23081980
24081980
25081980
26081980
27081980
28081980
29081980
30081980
31081980
01091980
02091980
03091980
04091980
05091980
06091980
07091980
08091980
09091980
10091980
11091980
12091980
13091980
14091980
15091980
16091980
17091980
18091980
19091980
20091980
21091980
22091980
23091980
24091980
25091980
26091980
27091980
28091980
29091980
30091980
01101980
02101980
03101980
04101980
05101980
06101980
07101980
08101980
09101980
10101980
11101980
12101980
13101980
14101980
15101980
16101980
17101980
18101980
19101980
20101980
21101980
22101980
23101980
24101980
25101980
26101980
27101980
28101980
29101980
30101980
31101980
01111980
02111980
03111980
04111980
05111980
06111980
07111980
08111980
09111980
10111980
11111980
12111980
13111980
14111980
15111980
16111980
17111980
18111980
19111980
20111980
21111980
22111980
23111980
24111980
25111980
26111980
27111980
28111980
29111980
30111980
01121980
02121980
03121980
04121980
05121980
06121980
07121980
08121980
09121980
10121980
11121980
12121980
13121980
14121980
15121980
16121980
17121980
18121980
19121980
20121980
21121980
22121980
23121980
24121980
25121980
26121980
27121980
28121980
29121980
30121980
31121980
01011981
02011981
03011981
04011981
05011981
06011981
07011981
08011981
09011981
10011981
11011981
12011981
13011981
14011981
15011981
16011981
17011981
18011981
19011981
20011981
21011981
22011981
23011981
24011981
25011981
26011981
27011981
28011981
29011981
30011981
31011981
01021981
02021981
03021981
04021981
05021981
06021981
07021981
08021981
09021981
10021981
11021981
12021981
13021981
14021981
15021981
16021981
17021981
18021981
19021981
20021981
21021981
22021981
23021981
24021981
25021981
26021981
27021981
28021981
01031981
02031981
03031981
04031981
05031981
06031981
07031981
08031981
09031981
10031981
11031981
12031981
13031981
14031981
15031981
16031981
17031981
18031981
19031981
20031981
21031981
22031981
23031981
24031981
25031981
26031981
27031981
28031981
29031981
30031981
31031981
01041981
02041981
03041981
04041981
05041981
06041981
07041981
08041981
09041981
10041981
11041981
12041981
13041981
14041981
15041981
16041981
17041981
18041981
19041981
20041981
21041981
22041981
23041981
24041981
25041981
26041981
27041981
28041981
29041981
30041981
01051981
02051981
03051981
04051981
05051981
06051981
07051981
08051981
09051981
10051981
11051981
12051981
13051981
14051981
15051981
16051981
17051981
18051981
19051981
20051981
21051981
22051981
23051981
24051981
25051981
26051981
27051981
28051981
29051981
30051981
31051981
01061981
02061981
03061981
04061981
05061981
06061981
07061981
08061981
09061981
10061981
11061981
12061981
13061981
14061981
15061981
16061981
17061981
18061981
19061981
20061981
21061981
22061981
23061981
24061981
25061981
26061981
27061981
28061981
29061981
30061981
01071981
02071981
03071981
04071981
05071981
06071981
07071981
08071981
09071981
10071981
11071981
12071981
13071981
14071981
15071981
16071981
17071981
18071981
19071981
20071981
21071981
22071981
23071981
24071981
25071981
26071981
27071981
28071981
29071981
30071981
31071981
01081981
02081981
03081981
04081981
05081981
06081981
07081981
08081981
09081981
10081981
11081981
12081981
13081981
14081981
15081981
16081981
17081981
18081981
19081981
20081981
21081981
22081981
23081981
24081981
25081981
26081981
27081981
28081981
29081981
30081981
31081981
01091981
02091981
03091981
04091981
05091981
06091981
07091981
08091981
09091981
10091981
11091981
12091981
13091981
14091981
15091981
16091981
17091981
18091981
19091981
20091981
21091981
22091981
23091981
24091981
25091981
26091981
27091981
28091981
29091981
30091981
01101981
02101981
03101981
04101981
05101981
06101981
07101981
08101981
09101981
10101981
11101981
12101981
13101981
14101981
15101981
16101981
17101981
18101981
19101981
20101981
21101981
22101981
23101981
24101981
25101981
26101981
27101981
28101981
29101981
30101981
31101981
01111981
02111981
03111981
04111981
05111981
06111981
07111981
08111981
09111981
10111981
11111981
12111981
13111981
14111981
15111981
16111981
17111981
18111981
19111981
20111981
21111981
22111981
23111981
24111981
25111981
26111981
27111981
28111981
29111981
30111981
01121981
02121981
03121981
04121981
05121981
06121981
07121981
08121981
09121981
10121981
11121981
12121981
13121981
14121981
15121981
16121981
17121981
18121981
19121981
20121981
21121981
22121981
23121981
24121981
25121981
26121981
27121981
28121981
29121981
30121981
31121981
01011982
02011982
03011982
04011982
05011982
06011982
07011982
08011982
09011982
10011982
11011982
12011982
13011982
14011982
15011982
16011982
17011982
18011982
19011982
20011982
21011982
22011982
23011982
24011982
25011982
26011982
27011982
28011982
29011982
30011982
31011982
01021982
02021982
03021982
04021982
05021982
06021982
07021982
08021982
09021982
10021982
11021982
12021982
13021982
14021982
15021982
16021982
17021982
18021982
19021982
20021982
21021982
22021982
23021982
24021982
25021982
26021982
27021982
28021982
01031982
02031982
03031982
04031982
05031982
06031982
07031982
08031982
09031982
10031982
11031982
12031982
13031982
14031982
15031982
16031982
17031982
18031982
19031982
20031982
21031982
22031982
23031982
24031982
25031982
26031982
27031982
28031982
29031982
30031982
31031982
01041982
02041982
03041982
04041982
05041982
06041982
07041982
08041982
09041982
10041982
11041982
12041982
13041982
14041982
15041982
16041982
17041982
18041982
19041982
20041982
21041982
22041982
23041982
24041982
25041982
26041982
27041982
28041982
29041982
30041982
01051982
02051982
03051982
04051982
05051982
06051982
07051982
08051982
09051982
10051982
11051982
12051982
13051982
14051982
15051982
16051982
17051982
18051982
19051982
20051982
21051982
22051982
23051982
24051982
25051982
26051982
27051982
28051982
29051982
30051982
31051982
01061982
02061982
03061982
04061982
05061982
06061982
07061982
08061982
09061982
10061982
11061982
12061982
13061982
14061982
15061982
16061982
17061982
18061982
19061982
20061982
21061982
22061982
23061982
24061982
25061982
26061982
27061982
28061982
29061982
30061982
01071982
02071982
03071982
04071982
05071982
06071982
07071982
08071982
09071982
10071982
11071982
12071982
13071982
14071982
15071982
16071982
17071982
18071982
19071982
20071982
21071982
22071982
23071982
24071982
25071982
26071982
27071982
28071982
29071982
30071982
31071982
01081982
02081982
03081982
04081982
05081982
06081982
07081982
08081982
09081982
10081982
11081982
12081982
13081982
14081982
15081982
16081982
17081982
18081982
19081982
20081982
21081982
22081982
23081982
24081982
25081982
26081982
27081982
28081982
29081982
30081982
31081982
01091982
02091982
03091982
04091982
05091982
06091982
07091982
08091982
09091982
10091982
11091982
12091982
13091982
14091982
15091982
16091982
17091982
18091982
19091982
20091982
21091982
22091982
23091982
24091982
25091982
26091982
27091982
28091982
29091982
30091982
01101982
02101982
03101982
04101982
05101982
06101982
07101982
08101982
09101982
10101982
11101982
12101982
13101982
14101982
15101982
16101982
17101982
18101982
19101982
20101982
21101982
22101982
23101982
24101982
25101982
26101982
27101982
28101982
29101982
30101982
31101982
01111982
02111982
03111982
04111982
05111982
06111982
07111982
08111982
09111982
10111982
11111982
12111982
13111982
14111982
15111982
16111982
17111982
18111982
19111982
20111982
21111982
22111982
23111982
24111982
25111982
26111982
27111982
28111982
29111982
30111982
01121982
02121982
03121982
04121982
05121982
06121982
07121982
08121982
09121982
10121982
11121982
12121982
13121982
14121982
15121982
16121982
17121982
18121982
19121982
20121982
21121982
22121982
23121982
24121982
25121982
26121982
27121982
28121982
29121982
30121982
31121982
01011983
02011983
03011983
04011983
05011983
06011983
07011983
08011983
09011983
10011983
11011983
12011983
13011983
14011983
15011983
16011983
17011983
18011983
19011983
20011983
21011983
22011983
23011983
24011983
25011983
26011983
27011983
28011983
29011983
30011983
31011983
01021983
02021983
03021983
04021983
05021983
06021983
07021983
08021983
09021983
10021983
11021983
12021983
13021983
14021983
15021983
16021983
17021983
18021983
19021983
20021983
21021983
22021983
23021983
24021983
25021983
26021983
27021983
28021983
01031983
02031983
03031983
04031983
05031983
06031983
07031983
08031983
09031983
10031983
11031983
12031983
13031983
14031983
15031983
16031983
17031983
18031983
19031983
20031983
21031983
22031983
23031983
24031983
25031983
26031983
27031983
28031983
29031983
30031983
31031983
01041983
02041983
03041983
04041983
05041983
06041983
07041983
08041983
09041983
10041983
11041983
12041983
13041983
14041983
15041983
16041983
17041983
18041983
19041983
20041983
21041983
22041983
23041983
24041983
25041983
26041983
27041983
28041983
29041983
30041983
01051983
02051983
03051983
04051983
05051983
06051983
07051983
08051983
09051983
10051983
11051983
12051983
13051983
14051983
15051983
16051983
17051983
18051983
19051983
20051983
21051983
22051983
23051983
24051983
25051983
26051983
27051983
28051983
29051983
30051983
31051983
01061983
02061983
03061983
04061983
05061983
06061983
07061983
08061983
09061983
10061983
11061983
12061983
13061983
14061983
15061983
16061983
17061983
18061983
19061983
20061983
21061983
22061983
23061983
24061983
25061983
26061983
27061983
28061983
29061983
30061983
01071983
02071983
03071983
04071983
05071983
06071983
07071983
08071983
09071983
10071983
11071983
12071983
13071983
14071983
15071983
16071983
17071983
18071983
19071983
20071983
21071983
22071983
23071983
24071983
25071983
26071983
27071983
28071983
29071983
30071983
31071983
01081983
02081983
03081983
04081983
05081983
06081983
07081983
08081983
09081983
10081983
11081983
12081983
13081983
14081983
15081983
16081983
17081983
18081983
19081983
20081983
21081983
22081983
23081983
24081983
25081983
26081983
27081983
28081983
29081983
30081983
31081983
01091983
02091983
03091983
04091983
05091983
06091983
07091983
08091983
09091983
10091983
11091983
12091983
13091983
14091983
15091983
16091983
17091983
18091983
19091983
20091983
21091983
22091983
23091983
24091983
25091983
26091983
27091983
28091983
29091983
30091983
01101983
02101983
03101983
04101983
05101983
06101983
07101983
08101983
09101983
10101983
11101983
12101983
13101983
14101983
15101983
16101983
17101983
18101983
19101983
20101983
21101983
22101983
23101983
24101983
25101983
26101983
27101983
28101983
29101983
30101983
31101983
01111983
02111983
03111983
04111983
05111983
06111983
07111983
08111983
09111983
10111983
11111983
12111983
13111983
14111983
15111983
16111983
17111983
18111983
19111983
20111983
21111983
22111983
23111983
24111983
25111983
26111983
27111983
28111983
29111983
30111983
01121983
02121983
03121983
04121983
05121983
06121983
07121983
08121983
09121983
10121983
11121983
12121983
13121983
14121983
15121983
16121983
17121983
18121983
19121983
20121983
21121983
22121983
23121983
24121983
25121983
26121983
27121983
28121983
29121983
30121983
31121983
01011984
02011984
03011984
04011984
05011984
06011984
07011984
08011984
09011984
10011984
11011984
12011984
13011984
14011984
15011984
16011984
17011984
18011984
19011984
20011984
21011984
22011984
23011984
24011984
25011984
26011984
27011984
28011984
29011984
30011984
31011984
01021984
02021984
03021984
04021984
05021984
06021984
07021984
08021984
09021984
10021984
11021984
12021984
13021984
14021984
15021984
16021984
17021984
18021984
19021984
20021984
21021984
22021984
23021984
24021984
25021984
26021984
27021984
28021984
29021984
01031984
02031984
03031984
04031984
05031984
06031984
07031984
08031984
09031984
10031984
11031984
12031984
13031984
14031984
15031984
16031984
17031984
18031984
19031984
20031984
21031984
22031984
23031984
24031984
25031984
26031984
27031984
28031984
29031984
30031984
31031984
01041984
02041984
03041984
04041984
05041984
06041984
07041984
08041984
09041984
10041984
11041984
12041984
13041984
14041984
15041984
16041984
17041984
18041984
19041984
20041984
21041984
22041984
23041984
24041984
25041984
26041984
27041984
28041984
29041984
30041984
01051984
02051984
03051984
04051984
05051984
06051984
07051984
08051984
09051984
10051984
11051984
12051984
13051984
14051984
15051984
16051984
17051984
18051984
19051984
20051984
21051984
22051984
23051984
24051984
25051984
26051984
27051984
28051984
29051984
30051984
31051984
01061984
02061984
03061984
04061984
05061984
06061984
07061984
08061984
09061984
10061984
11061984
12061984
13061984
14061984
15061984
16061984
17061984
18061984
19061984
20061984
21061984
22061984
23061984
24061984
25061984
26061984
27061984
28061984
29061984
30061984
01071984
02071984
03071984
04071984
05071984
06071984
07071984
08071984
09071984
10071984
11071984
12071984
13071984
14071984
15071984
16071984
17071984
18071984
19071984
20071984
21071984
22071984
23071984
24071984
25071984
26071984
27071984
28071984
29071984
30071984
31071984
01081984
02081984
03081984
04081984
05081984
06081984
07081984
08081984
09081984
10081984
11081984
12081984
13081984
14081984
15081984
16081984
17081984
18081984
19081984
20081984
21081984
22081984
23081984
24081984
25081984
26081984
27081984
28081984
29081984
30081984
31081984
01091984
02091984
03091984
04091984
05091984
06091984
07091984
08091984
09091984
10091984
11091984
12091984
13091984
14091984
15091984
16091984
17091984
18091984
19091984
20091984
21091984
22091984
23091984
24091984
25091984
26091984
27091984
28091984
29091984
30091984
01101984
02101984
03101984
04101984
05101984
06101984
07101984
08101984
09101984
10101984
11101984
12101984
13101984
14101984
15101984
16101984
17101984
18101984
19101984
20101984
21101984
22101984
23101984
24101984
25101984
26101984
27101984
28101984
29101984
30101984
31101984
01111984
02111984
03111984
04111984
05111984
06111984
07111984
08111984
09111984
10111984
11111984
12111984
13111984
14111984
15111984
16111984
17111984
18111984
19111984
20111984
21111984
22111984
23111984
24111984
25111984
26111984
27111984
28111984
29111984
30111984
01121984
02121984
03121984
04121984
05121984
06121984
07121984
08121984
09121984
10121984
11121984
12121984
13121984
14121984
15121984
16121984
17121984
18121984
19121984
20121984
21121984
22121984
23121984
24121984
25121984
26121984
27121984
28121984
29121984
30121984
31121984
01011985
02011985
03011985
04011985
05011985
06011985
07011985
08011985
09011985
10011985
11011985
12011985
13011985
14011985
15011985
16011985
17011985
18011985
19011985
20011985
21011985
22011985
23011985
24011985
25011985
26011985
27011985
28011985
29011985
30011985
31011985
01021985
02021985
03021985
04021985
05021985
06021985
07021985
08021985
09021985
10021985
11021985
12021985
13021985
14021985
15021985
16021985
17021985
18021985
19021985
20021985
21021985
22021985
23021985
24021985
25021985
26021985
27021985
28021985
01031985
02031985
03031985
04031985
05031985
06031985
07031985
08031985
09031985
10031985
11031985
12031985
13031985
14031985
15031985
16031985
17031985
18031985
19031985
20031985
21031985
22031985
23031985
24031985
25031985
26031985
27031985
28031985
29031985
30031985
31031985
01041985
02041985
03041985
04041985
05041985
06041985
07041985
08041985
09041985
10041985
11041985
12041985
13041985
14041985
15041985
16041985
17041985
18041985
19041985
20041985
21041985
22041985
23041985
24041985
25041985
26041985
27041985
28041985
29041985
30041985
01051985
02051985
03051985
04051985
05051985
06051985
07051985
08051985
09051985
10051985
11051985
12051985
13051985
14051985
15051985
16051985
17051985
18051985
19051985
20051985
21051985
22051985
23051985
24051985
25051985
26051985
27051985
28051985
29051985
30051985
31051985
01061985
02061985
03061985
04061985
05061985
06061985
07061985
08061985
09061985
10061985
11061985
12061985
13061985
14061985
15061985
16061985
17061985
18061985
19061985
20061985
21061985
22061985
23061985
24061985
25061985
26061985
27061985
28061985
29061985
30061985
01071985
02071985
03071985
04071985
05071985
06071985
07071985
08071985
09071985
10071985
11071985
12071985
13071985
14071985
15071985
16071985
17071985
18071985
19071985
20071985
21071985
22071985
23071985
24071985
25071985
26071985
27071985
28071985
29071985
30071985
31071985
01081985
02081985
03081985
04081985
05081985
06081985
07081985
08081985
09081985
10081985
11081985
12081985
13081985
14081985
15081985
16081985
17081985
18081985
19081985
20081985
21081985
22081985
23081985
24081985
25081985
26081985
27081985
28081985
29081985
30081985
31081985
01091985
02091985
03091985
04091985
05091985
06091985
07091985
08091985
09091985
10091985
11091985
12091985
13091985
14091985
15091985
16091985
17091985
18091985
19091985
20091985
21091985
22091985
23091985
24091985
25091985
26091985
27091985
28091985
29091985
30091985
01101985
02101985
03101985
04101985
05101985
06101985
07101985
08101985
09101985
10101985
11101985
12101985
13101985
14101985
15101985
16101985
17101985
18101985
19101985
20101985
21101985
22101985
23101985
24101985
25101985
26101985
27101985
28101985
29101985
30101985
31101985
01111985
02111985
03111985
04111985
05111985
06111985
07111985
08111985
09111985
10111985
11111985
12111985
13111985
14111985
15111985
16111985
17111985
18111985
19111985
20111985
21111985
22111985
23111985
24111985
25111985
26111985
27111985
28111985
29111985
30111985
01121985
02121985
03121985
04121985
05121985
06121985
07121985
08121985
09121985
10121985
11121985
12121985
13121985
14121985
15121985
16121985
17121985
18121985
19121985
20121985
21121985
22121985
23121985
24121985
25121985
26121985
27121985
28121985
29121985
30121985
31121985
01011986
02011986
03011986
04011986
05011986
06011986
07011986
08011986
09011986
10011986
11011986
12011986
13011986
14011986
15011986
16011986
17011986
18011986
19011986
20011986
21011986
22011986
23011986
24011986
25011986
26011986
27011986
28011986
29011986
30011986
31011986
01021986
02021986
03021986
04021986
05021986
06021986
07021986
08021986
09021986
10021986
11021986
12021986
13021986
14021986
15021986
16021986
17021986
18021986
19021986
20021986
21021986
22021986
23021986
24021986
25021986
26021986
27021986
28021986
01031986
02031986
03031986
04031986
05031986
06031986
07031986
08031986
09031986
10031986
11031986
12031986
13031986
14031986
15031986
16031986
17031986
18031986
19031986
20031986
21031986
22031986
23031986
24031986
25031986
26031986
27031986
28031986
29031986
30031986
31031986
01041986
02041986
03041986
04041986
05041986
06041986
07041986
08041986
09041986
10041986
11041986
12041986
13041986
14041986
15041986
16041986
17041986
18041986
19041986
20041986
21041986
22041986
23041986
24041986
25041986
26041986
27041986
28041986
29041986
30041986
01051986
02051986
03051986
04051986
05051986
06051986
07051986
08051986
09051986
10051986
11051986
12051986
13051986
14051986
15051986
16051986
17051986
18051986
19051986
20051986
21051986
22051986
23051986
24051986
25051986
26051986
27051986
28051986
29051986
30051986
31051986
01061986
02061986
03061986
04061986
05061986
06061986
07061986
08061986
09061986
10061986
11061986
12061986
13061986
14061986
15061986
16061986
17061986
18061986
19061986
20061986
21061986
22061986
23061986
24061986
25061986
26061986
27061986
28061986
29061986
30061986
01071986
02071986
03071986
04071986
05071986
06071986
07071986
08071986
09071986
10071986
11071986
12071986
13071986
14071986
15071986
16071986
17071986
18071986
19071986
20071986
21071986
22071986
23071986
24071986
25071986
26071986
27071986
28071986
29071986
30071986
31071986
01081986
02081986
03081986
04081986
05081986
06081986
07081986
08081986
09081986
10081986
11081986
12081986
13081986
14081986
15081986
16081986
17081986
18081986
19081986
20081986
21081986
22081986
23081986
24081986
25081986
26081986
27081986
28081986
29081986
30081986
31081986
01091986
02091986
03091986
04091986
05091986
06091986
07091986
08091986
09091986
10091986
11091986
12091986
13091986
14091986
15091986
16091986
17091986
18091986
19091986
20091986
21091986
22091986
23091986
24091986
25091986
26091986
27091986
28091986
29091986
30091986
01101986
02101986
03101986
04101986
05101986
06101986
07101986
08101986
09101986
10101986
11101986
12101986
13101986
14101986
15101986
16101986
17101986
18101986
19101986
20101986
21101986
22101986
23101986
24101986
25101986
26101986
27101986
28101986
29101986
30101986
31101986
01111986
02111986
03111986
04111986
05111986
06111986
07111986
08111986
09111986
10111986
11111986
12111986
13111986
14111986
15111986
16111986
17111986
18111986
19111986
20111986
21111986
22111986
23111986
24111986
25111986
26111986
27111986
28111986
29111986
30111986
01121986
02121986
03121986
04121986
05121986
06121986
07121986
08121986
09121986
10121986
11121986
12121986
13121986
14121986
15121986
16121986
17121986
18121986
19121986
20121986
21121986
22121986
23121986
24121986
25121986
26121986
27121986
28121986
29121986
30121986
31121986
01011987
02011987
03011987
04011987
05011987
06011987
07011987
08011987
09011987
10011987
11011987
12011987
13011987
14011987
15011987
16011987
17011987
18011987
19011987
20011987
21011987
22011987
23011987
24011987
25011987
26011987
27011987
28011987
29011987
30011987
31011987
01021987
02021987
03021987
04021987
05021987
06021987
07021987
08021987
09021987
10021987
11021987
12021987
13021987
14021987
15021987
16021987
17021987
18021987
19021987
20021987
21021987
22021987
23021987
24021987
25021987
26021987
27021987
28021987
01031987
02031987
03031987
04031987
05031987
06031987
07031987
08031987
09031987
10031987
11031987
12031987
13031987
14031987
15031987
16031987
17031987
18031987
19031987
20031987
21031987
22031987
23031987
24031987
25031987
26031987
27031987
28031987
29031987
30031987
31031987
01041987
02041987
03041987
04041987
05041987
06041987
07041987
08041987
09041987
10041987
11041987
12041987
13041987
14041987
15041987
16041987
17041987
18041987
19041987
20041987
21041987
22041987
23041987
24041987
25041987
26041987
27041987
28041987
29041987
30041987
01051987
02051987
03051987
04051987
05051987
06051987
07051987
08051987
09051987
10051987
11051987
12051987
13051987
14051987
15051987
16051987
17051987
18051987
19051987
20051987
21051987
22051987
23051987
24051987
25051987
26051987
27051987
28051987
29051987
30051987
31051987
01061987
02061987
03061987
04061987
05061987
06061987
07061987
08061987
09061987
10061987
11061987
12061987
13061987
14061987
15061987
16061987
17061987
18061987
19061987
20061987
21061987
22061987
23061987
24061987
25061987
26061987
27061987
28061987
29061987
30061987
01071987
02071987
03071987
04071987
05071987
06071987
07071987
08071987
09071987
10071987
11071987
12071987
13071987
14071987
15071987
16071987
17071987
18071987
19071987
20071987
21071987
22071987
23071987
24071987
25071987
26071987
27071987
28071987
29071987
30071987
31071987
01081987
02081987
03081987
04081987
05081987
06081987
07081987
08081987
09081987
10081987
11081987
12081987
13081987
14081987
15081987
16081987
17081987
18081987
19081987
20081987
21081987
22081987
23081987
24081987
25081987
26081987
27081987
28081987
29081987
30081987
31081987
01091987
02091987
03091987
04091987
05091987
06091987
07091987
08091987
09091987
10091987
11091987
12091987
13091987
14091987
15091987
16091987
17091987
18091987
19091987
20091987
21091987
22091987
23091987
24091987
25091987
26091987
27091987
28091987
29091987
30091987
01101987
02101987
03101987
04101987
05101987
06101987
07101987
08101987
09101987
10101987
11101987
12101987
13101987
14101987
15101987
16101987
17101987
18101987
19101987
20101987
21101987
22101987
23101987
24101987
25101987
26101987
27101987
28101987
29101987
30101987
31101987
01111987
02111987
03111987
04111987
05111987
06111987
07111987
08111987
09111987
10111987
11111987
12111987
13111987
14111987
15111987
16111987
17111987
18111987
19111987
20111987
21111987
22111987
23111987
24111987
25111987
26111987
27111987
28111987
29111987
30111987
01121987
02121987
03121987
04121987
05121987
06121987
07121987
08121987
09121987
10121987
11121987
12121987
13121987
14121987
15121987
16121987
17121987
18121987
19121987
20121987
21121987
22121987
23121987
24121987
25121987
26121987
27121987
28121987
29121987
30121987
31121987
01011988
02011988
03011988
04011988
05011988
06011988
07011988
08011988
09011988
10011988
11011988
12011988
13011988
14011988
15011988
16011988
17011988
18011988
19011988
20011988
21011988
22011988
23011988
24011988
25011988
26011988
27011988
28011988
29011988
30011988
31011988
01021988
02021988
03021988
04021988
05021988
06021988
07021988
08021988
09021988
10021988
11021988
12021988
13021988
14021988
15021988
16021988
17021988
18021988
19021988
20021988
21021988
22021988
23021988
24021988
25021988
26021988
27021988
28021988
29021988
01031988
02031988
03031988
04031988
05031988
06031988
07031988
08031988
09031988
10031988
11031988
12031988
13031988
14031988
15031988
16031988
17031988
18031988
19031988
20031988
21031988
22031988
23031988
24031988
25031988
26031988
27031988
28031988
29031988
30031988
31031988
01041988
02041988
03041988
04041988
05041988
06041988
07041988
08041988
09041988
10041988
11041988
12041988
13041988
14041988
15041988
16041988
17041988
18041988
19041988
20041988
21041988
22041988
23041988
24041988
25041988
26041988
27041988
28041988
29041988
30041988
01051988
02051988
03051988
04051988
05051988
06051988
07051988
08051988
09051988
10051988
11051988
12051988
13051988
14051988
15051988
16051988
17051988
18051988
19051988
20051988
21051988
22051988
23051988
24051988
25051988
26051988
27051988
28051988
29051988
30051988
31051988
01061988
02061988
03061988
04061988
05061988
06061988
07061988
08061988
09061988
10061988
11061988
12061988
13061988
14061988
15061988
16061988
17061988
18061988
19061988
20061988
21061988
22061988
23061988
24061988
25061988
26061988
27061988
28061988
29061988
30061988
01071988
02071988
03071988
04071988
05071988
06071988
07071988
08071988
09071988
10071988
11071988
12071988
13071988
14071988
15071988
16071988
17071988
18071988
19071988
20071988
21071988
22071988
23071988
24071988
25071988
26071988
27071988
28071988
29071988
30071988
31071988
01081988
02081988
03081988
04081988
05081988
06081988
07081988
08081988
09081988
10081988
11081988
12081988
13081988
14081988
15081988
16081988
17081988
18081988
19081988
20081988
21081988
22081988
23081988
24081988
25081988
26081988
27081988
28081988
29081988
30081988
31081988
01091988
02091988
03091988
04091988
05091988
06091988
07091988
08091988
09091988
10091988
11091988
12091988
13091988
14091988
15091988
16091988
17091988
18091988
19091988
20091988
21091988
22091988
23091988
24091988
25091988
26091988
27091988
28091988
29091988
30091988
01101988
02101988
03101988
04101988
05101988
06101988
07101988
08101988
09101988
10101988
11101988
12101988
13101988
14101988
15101988
16101988
17101988
18101988
19101988
20101988
21101988
22101988
23101988
24101988
25101988
26101988
27101988
28101988
29101988
30101988
31101988
01111988
02111988
03111988
04111988
05111988
06111988
07111988
08111988
09111988
10111988
11111988
12111988
13111988
14111988
15111988
16111988
17111988
18111988
19111988
20111988
21111988
22111988
23111988
24111988
25111988
26111988
27111988
28111988
29111988
30111988
01121988
02121988
03121988
04121988
05121988
06121988
07121988
08121988
09121988
10121988
11121988
12121988
13121988
14121988
15121988
16121988
17121988
18121988
19121988
20121988
21121988
22121988
23121988
24121988
25121988
26121988
27121988
28121988
29121988
30121988
31121988
01011989
02011989
03011989
04011989
05011989
06011989
07011989
08011989
09011989
10011989
11011989
12011989
13011989
14011989
15011989
16011989
17011989
18011989
19011989
20011989
21011989
22011989
23011989
24011989
25011989
26011989
27011989
28011989
29011989
30011989
31011989
01021989
02021989
03021989
04021989
05021989
06021989
07021989
08021989
09021989
10021989
11021989
12021989
13021989
14021989
15021989
16021989
17021989
18021989
19021989
20021989
21021989
22021989
23021989
24021989
25021989
26021989
27021989
28021989
01031989
02031989
03031989
04031989
05031989
06031989
07031989
08031989
09031989
10031989
11031989
12031989
13031989
14031989
15031989
16031989
17031989
18031989
19031989
20031989
21031989
22031989
23031989
24031989
25031989
26031989
27031989
28031989
29031989
30031989
31031989
01041989
02041989
03041989
04041989
05041989
06041989
07041989
08041989
09041989
10041989
11041989
12041989
13041989
14041989
15041989
16041989
17041989
18041989
19041989
20041989
21041989
22041989
23041989
24041989
25041989
26041989
27041989
28041989
29041989
30041989
01051989
02051989
03051989
04051989
05051989
06051989
07051989
08051989
09051989
10051989
11051989
12051989
13051989
14051989
15051989
16051989
17051989
18051989
19051989
20051989
21051989
22051989
23051989
24051989
25051989
26051989
27051989
28051989
29051989
30051989
31051989
01061989
02061989
03061989
04061989
05061989
06061989
07061989
08061989
09061989
10061989
11061989
12061989
13061989
14061989
15061989
16061989
17061989
18061989
19061989
20061989
21061989
22061989
23061989
24061989
25061989
26061989
27061989
28061989
29061989
30061989
01071989
02071989
03071989
04071989
05071989
06071989
07071989
08071989
09071989
10071989
11071989
12071989
13071989
14071989
15071989
16071989
17071989
18071989
19071989
20071989
21071989
22071989
23071989
24071989
25071989
26071989
27071989
28071989
29071989
30071989
31071989
01081989
02081989
03081989
04081989
05081989
06081989
07081989
08081989
09081989
10081989
11081989
12081989
13081989
14081989
15081989
16081989
17081989
18081989
19081989
20081989
21081989
22081989
23081989
24081989
25081989
26081989
27081989
28081989
29081989
30081989
31081989
01091989
02091989
03091989
04091989
05091989
06091989
07091989
08091989
09091989
10091989
11091989
12091989
13091989
14091989
15091989
16091989
17091989
18091989
19091989
20091989
21091989
22091989
23091989
24091989
25091989
26091989
27091989
28091989
29091989
30091989
01101989
02101989
03101989
04101989
05101989
06101989
07101989
08101989
09101989
10101989
11101989
12101989
13101989
14101989
15101989
16101989
17101989
18101989
19101989
20101989
21101989
22101989
23101989
24101989
25101989
26101989
27101989
28101989
29101989
30101989
31101989
01111989
02111989
03111989
04111989
05111989
06111989
07111989
08111989
09111989
10111989
11111989
12111989
13111989
14111989
15111989
16111989
17111989
18111989
19111989
20111989
21111989
22111989
23111989
24111989
25111989
26111989
27111989
28111989
29111989
30111989
01121989
02121989
03121989
04121989
05121989
06121989
07121989
08121989
09121989
10121989
11121989
12121989
13121989
14121989
15121989
16121989
17121989
18121989
19121989
20121989
21121989
22121989
23121989
24121989
25121989
26121989
27121989
28121989
29121989
30121989
31121989
01011990
02011990
03011990
04011990
05011990
06011990
07011990
08011990
09011990
10011990
11011990
12011990
13011990
14011990
15011990
16011990
17011990
18011990
19011990
20011990
21011990
22011990
23011990
24011990
25011990
26011990
27011990
28011990
29011990
30011990
31011990
01021990
02021990
03021990
04021990
05021990
06021990
